3 0.8590556478405317 0.20351 0.9405107973421927 0.207925625 0.9061686046511628 0.251876875 0.9096029900332226 0.26221812499999997 0.8958662790697675 0.270620625 0.8838463455149502 0.255755 0.8898563122923587 0.24670562499999998
1 0.6016926910299003 0.26283124999999996 0.6855215946843854 0.263510625 0.6803704318936877 0.31134 0.6580481727574751 0.324266875 0.6606237541528239 0.33137687499999996 0.6477458471760797 0.33719375 0.6383014950166113 0.3294375 0.6383014950166113 0.322328125 0.6073936877076412 0.31198625
1 0.6132848837209303 0.41985750000000005 0.7001171096345515 0.421218125 0.6872392026578074 0.4690475 0.6580481727574751 0.47809624999999994 0.6623413621262458 0.48456000000000005 0.6511802325581395 0.487791875 0.642594684385382 0.479389375 0.643453488372093 0.474218125 0.6176968438538206 0.45935250000000005
1 0.3883820598006645 0.31081187499999996 0.4665921926910299 0.30940124999999996 0.4665921926910299 0.36369375 0.43911877076411954 0.38049875 0.44255315614617935 0.38890125 0.42967441860465116 0.39019374999999995 0.4133621262458472 0.3824375 0.4150797342192691 0.37274250000000003 0.38674750830564786 0.35399875000000003
1 0.39649750830564784 0.49575375 0.4768945182724253 0.496028125 0.47174335548172763 0.545150625 0.44684551495016606 0.5580775 0.4519966777408638 0.5658331249999999 0.4374019933554817 0.572943125 0.42280647840531566 0.56712625 0.42624086378737536 0.556784375 0.3970498338870432 0.545150625
1 0.2098513289036545 0.21659562499999999 0.2983887043189369 0.215955 0.3026818936877076 0.282528125 0.2760664451827243 0.294161875 0.27950083056478403 0.30515000000000003 0.2537441860465116 0.309674375 0.24515863787375414 0.302564375 0.24515863787375414 0.292869375 0.22111960132890365 0.28640625
1 0.14840863787375416 0.16512625 0.14986046511627907 0.209840625 0.12324501661129568 0.220828125 0.12753820598006646 0.22793812500000002 0.10864950166112956 0.23117000000000001 0.09233720930232558 0.220828125 0.08117607973421927 0.20790125 0.07774252491694353 0.166535625
1 0.6167632890365449 0.650163125 0.7061993355481727 0.650306875 0.6976137873754154 0.69038 0.6752915282392027 0.69942875 0.6770083056478405 0.7091237499999999 0.6598372093023256 0.713648125 0.6495348837209302 0.7007218749999999 0.6254958471760798 0.69684375
1 0.3223023255813954 0.7278037500000001 0.47439119601328905 0.729806875 0.4572200996677741 0.7756975 0.4048488372093023 0.790563125 0.4082832225913621 0.7970268749999999 0.3893953488372093 0.8009043749999999 0.3730822259136212 0.791209375 0.33358970099667773 0.775050625
1 0.3837450166112957 0.838595 0.4781702657807309 0.835220625 0.4713014950166113 0.8759399999999999 0.4335257475083057 0.88498875 0.43695930232558144 0.8914525000000001 0.42322259136212625 0.89468375 0.4120614617940199 0.888220625 0.41377906976744183 0.88369625 0.38372923588039864 0.872061875
1 0.5506835548172758 0.891809375 0.5983662790697675 0.8914525000000001 0.6035182724252491 0.9160131250000001 0.5829127906976744 0.92118375 0.574327242524917 0.925708125 0.5648828903654485 0.91989125 0.5511461794019934 0.91278125