0 0.18812879708383962 0.00836909090909091 0.1894325637910085 0.16684727272727273 0.272453219927096 0.15833454545454545 0.30259052247873636 0.10470545454545455 0.3003171324422843 0.06384545454545455 0.27586512758201703 0.008512727272727274
1 0.18812879708383962 0.21747818181818182 0.19000121506682868 0.37272 0.24913973268529768 0.35995272727272726 0.26790400972053463 0.3207945454545455 0.2889441069258809 0.30972727272727274 0.2878068043742406 0.27312363636363635 0.2650607533414338 0.2756781818181818 0.24402187120291619 0.23481636363636363
0 0.18736087484811664 0.4277345454545454 0.1894325637910085 0.5823036363636364 0.26960996354799516 0.5780472727272727 0.29861117861482384 0.5329309090909091 0.29861117861482384 0.4724909090909091 0.27017861482381533 0.43078
1 0.18736087484811664 0.6345436363636364 0.188865127582017 0.7911236363636364 0.23833535844471446 0.7868672727272727 0.2667667071688943 0.7357927272727273 0.2889441069258809 0.7349399999999999 0.2889441069258809 0.6923781818181818 0.26335601458080193 0.6915272727272727 0.2371980558930741 0.6370454545454546
0 0.20578857837181044 0.843650909090909 0.20706075334143378 0.9960181818181817 0.28439489671931956 0.9951672727272727 0.3162381530984204 0.9389836363636365 0.30657108140947753 0.87514 0.272453219927096 0.8427909090909091
4 0.4476537059538274 0.15543454545454546 0.4670060753341434 0.22931272727272728 0.44596597812879707 0.30422363636363636 0.5261433778857837 0.2974145454545455 0.5608298906439854 0.2599581818181818 0.5739088699878493 0.22335454545454544 0.5477509113001214 0.18164181818181818 0.5153390036452005 0.15610545454545455
4 0.4692806804374241 0.40637454545454543 0.4943001215066829 0.4838381818181818 0.47155407047387604 0.5553454545454546 0.5562806804374241 0.55194 0.5943791008505468 0.5042690909090909 0.6012029161603889 0.4761781818181819 0.569359659781288 0.4251018181818182 0.5329671931956258 0.40382
4 0.4537958687727825 0.6563727272727272 0.4721227217496963 0.7253418181818182 0.45392709599027947 0.8036581818181818 0.5312612393681653 0.8019545454545455 0.5704969623329283 0.7738636363636363 0.5790267314702309 0.7236400000000001 0.5608298906439854 0.6717127272727272 0.5193195625759417 0.65554
0 0.7463365735115431 0.06351818181818182 0.7468116646415552 0.21551454545454546 0.8360874848116646 0.2121090909090909 0.866224787363305 0.13975272727272728 0.8338128797083839 0.06824727272727273
0 0.748640340218712 0.3622436363636364 0.7502235722964763 0.5282927272727272 0.8241458080194412 0.5180781818181818 0.8622442284325638 0.4593418181818182 0.8650874848116646 0.43720909090909094 0.8377922235722965 0.3844309090909091 0.7888906439854191 0.36144727272727273
4 0.7309805589307412 0.6276490909090909 0.7536354799513972 0.7134818181818182 0.7297521263669502 0.7858381818181819 0.8133414337788578 0.7824327272727273 0.8554204131227217 0.7381690909090909 0.8628128797083839 0.7007127272727273 0.8360874848116646 0.6402727272727272 0.7962831105710814 0.6266527272727273